[Interior]
parent=d02
left = -8.037872
right = -7.076569
bottom = 41.706405
top = 42.838973



